2048 2048 3 2048 2048 300 48
2348 2048 3 2048 2048 300 48
1748 2048 3 2048 2048 300 48
2048 2348 3 2048 2048 300 48
2048 1748 3 2048 2048 300 48
2349 2048 3 2048 2048 300 56
1747 2048 3 2048 2048 300 52
2048 2349 3 2048 2048 300 49
2048 1747 3 2048 2048 300 50
2500 2500 3 2048 2048 300 57
1500 2500 3 2048 2048 300 53
2500 1500 3 2048 2048 300 58
1500 1500 3 2048 2048 300 54
4095 4095 0 2048 2048 300 0
2500 2500 1 2048 2048 300 24
2500 2500 2 2048 2048 300 33
2500 2500 63 2048 2048 300 57
0 2048 3 100 2048 200 48
301 2048 3 100 2048 200 56
2048 4095 3 2048 4000 200 48
2048 3799 3 2048 4000 200 50
2048 2048 3 2048 2048 0 48
2049 2048 3 2048 2048 0 56
2047 2048 3 2048 2048 0 52
0 4095 3 2048 2048 4095 48
3783 863 32 339 226 1254 0
1516 3991 6 2424 532 1932 33
2019 2388 16 1791 3327 631 0
110 1880 3 3042 3917 940 54
1329 1043 55 860 1820 215 58
3076 230 16 2724 491 699 0
3737 1038 13 840 52 2143 24
2777 2481 48 1882 359 3385 0
1184 3780 12 2622 707 1099 0
1161 1118 52 77 3063 699 0
3856 2426 19 2146 647 3157 48
3873 786 55 1517 1266 3312 48
716 979 29 3815 461 408 20
3941 3334 35 3342 1585 988 49
3620 716 44 3630 458 2426 0
3745 2113 43 2275 3558 2224 48
763 3867 20 1543 1799 302 0
2088 2546 9 2637 2233 1865 16
1485 3247 10 2822 660 3708 32
2190 2729 48 3674 2101 1489 0
3052 78 56 3503 100 3554 0
1919 667 4 2358 3363 355 0
661 905 14 2996 3066 17 34
1933 3746 50 2731 3871 1911 32
3288 1857 36 1995 634 654 0
2522 1746 20 3846 706 1172 0
2007 1291 4 1019 3789 2315 0
3690 3469 51 3573 192 2429 49
335 1807 10 1546 144 1121 33
2522 3173 28 3161 1832 3798 0
3164 1143 43 1611 331 2292 48
874 686 28 1255 3130 2265 0
2793 218 6 1175 372 869 32
21 3596 40 1908 1770 1181 0
813 1422 56 3432 2688 1427 0
2015 3986 42 3898 1735 2513 32
2828 3672 24 1470 949 3062 0
1582 2854 6 2799 2122 593 33
1784 1197 55 2482 3088 3431 48
2032 3902 25 2797 2448 444 20
1500 2830 48 2792 1945 2697 0
3248 3322 54 470 3221 2607 32
3583 1318 8 2999 2779 4076 0
1609 875 40 3629 163 1567 0
3494 3631 55 1970 1307 195 57
1780 29 3 694 2121 3903 48
485 2838 7 790 1843 2341 48
2039 2049 56 2985 3337 2224 0
80 1893 23 2360 2411 2333 48
169 3915 49 1838 1882 376 20
1044 3071 54 2055 904 3438 32
1289 554 35 3193 1185 229 54
979 3308 49 3225 3665 3121 16
2754 863 33 2321 3784 3215 16
672 1726 47 3946 1754 33 52
3475 824 14 3216 59 2742 32
1618 1889 22 3074 536 3676 32
802 2104 47 3001 1762 2707 48
1805 2357 41 2640 1148 2604 16
1420 3713 28 3485 3958 3050 0
1481 2655 43 2672 136 3786 48
3838 734 37 170 1423 498 24
1529 3205 40 1478 3873 3178 0
872 2374 3 294 3360 2597 48
1296 1208 60 620 3238 4056 0
2151 1875 32 3210 3314 605 0
2237 2534 20 2724 2029 734 0
1919 4052 24 2011 734 2411 0
2280 1436 9 1125 1639 1491 16
4069 3363 11 2889 2736 515 57
3572 1251 55 1718 1381 3031 48
3607 1192 40 3748 522 2655 0
3257 3281 6 1455 3862 1553 32
2653 3375 19 115 619 2078 57
1019 3311 1 3230 1397 3979 16
3750 3749 57 1373 3266 2696 16
1533 475 50 2916 2583 2479 32
1055 3260 47 923 3304 2052 48
437 2153 12 1252 2175 833 0
686 1424 25 391 1233 3580 16
3129 1598 8 859 3219 391 0
1200 3519 32 3555 1184 1289 0
561 1789 46 3549 3220 2505 32
3086 985 7 2622 2507 3779 48
784 759 57 3369 2145 1638 20
2701 3883 45 1421 2898 1738 16
282 3600 38 722 2323 1767 32
2190 1078 63 1399 996 1371 48
3716 3301 47 2899 2650 3758 48
445 2129 40 2890 2989 3173 0
2810 2650 12 1396 268 2249 0
1924 1477 63 3551 536 3293 48
1445 3010 21 190 361 551 24
4075 2010 54 3155 2628 164 34
3923 3694 3 2055 1338 3505 48
2881 1046 36 1118 2199 1894 0
3150 3898 18 2897 3914 1283 32
787 1292 3 1051 1533 540 48
584 743 63 1545 654 2476 48
1538 2667 35 2597 1594 2624 48
2534 2245 6 2188 882 853 33
606 3562 12 2691 108 2865 0
2130 948 37 2955 2324 2569 16
2988 441 47 3544 3465 3646 48
3402 4061 10 3701 1260 1558 33
1750 655 31 758 2901 732 58
2208 2541 12 2723 2220 3893 0
897 3297 56 138 3896 345 0
1738 3397 21 1675 2056 538 16
2734 3524 41 1151 288 3052 16
3289 2391 7 3635 596 2022 48
3431 751 20 2696 2991 2710 0
1520 2853 34 2900 2569 3110 32
2720 550 32 2294 2831 2295 0
2014 2287 35 3870 853 78 53
474 3322 50 2748 887 3899 32
3113 2086 47 1208 78 2780 48
2021 361 39 3835 2473 1205 54
3225 3293 30 192 3166 203 32
3460 181 20 662 3728 3886 0
1444 3188 50 1468 3057 959 32
1426 1486 42 2711 862 4047 32
2518 3630 12 1103 880 2512 0
2054 2046 56 3295 2742 3834 0
1032 2303 42 1574 750 1589 32
1097 2157 63 2114 211 3766 48
2550 1737 33 1783 3517 1968 16
1183 819 40 2576 3517 3169 0
1825 1098 42 2208 3010 696 34
771 2604 0 3970 20 961 0
2911 2670 20 3198 2344 1658 0
3231 1795 27 1759 3245 2689 48
3685 2249 41 2986 2256 1242 16
2201 13 43 2666 2669 1843 50
749 1354 43 379 3202 1256 50
1587 2242 43 1291 461 1383 49
1779 1228 15 773 3366 2863 48
920 2933 50 475 2458 356 33
202 52 26 3360 906 2020 32
575 152 39 2175 32 3317 48
2837 2261 21 2817 1474 219 16
1419 1685 18 3677 2469 3624 32
3399 3758 9 3325 2108 1334 16
2054 2287 32 2125 3582 3458 0
203 1762 36 844 636 705 0
2749 1306 24 2141 3421 3245 0
1903 3617 14 1831 3854 2716 32
1028 607 4 68 2767 1640 0
18 1232 52 2308 3352 3046 0
256 2943 18 3255 2388 3337 32
451 1026 35 1373 3650 1070 50
112 2450 19 2003 647 2429 48
3385 1501 53 3645 3004 2654 16
2908 514 54 3577 3155 2618 34
1918 147 35 2180 156 1814 48
1822 45 11 2855 3070 3634 48
1726 1741 35 1223 2250 339 58
3588 4018 29 3225 2409 2472 16
2576 3297 8 1548 3553 142 0
562 3029 58 1774 742 3424 32
3429 3768 50 28 533 2525 33
2187 2106 33 2158 3900 1060 16
2884 2709 1 1901 3104 89 24
1867 3289 43 2143 3167 2453 48
711 1006 53 678 1107 3326 16
632 2197 19 1743 3405 1369 48
318 1951 0 3672 2712 834 0
3478 4057 44 1966 1365 2383 0
3298 3998 38 2499 3102 1319 32
2333 3007 41 2390 1976 628 16
4037 1303 0 1145 588 2333 0
1795 3633 52 2167 999 2930 0
4019 4092 38 221 2160 2871 32
2877 39 34 2671 425 2539 32
213 3752 31 3684 3849 3386 52
1169 3862 19 2406 2035 1969 48
187 1552 54 759 3110 2269 32
2940 3406 19 2791 2595 2244 48
3958 2785 13 1104 3653 2055 24
341 2830 40 1630 1033 365 0
3049 1909 31 774 1657 402 56
1306 891 9 3017 3340 2735 16
1626 2121 40 1730 1410 3429 0
266 254 27 2858 2592 3750 48
4056 3695 5 700 3918 2119 24
1685 2618 37 3239 1952 3027 16
3688 867 40 3409 3340 1983 0
2632 3134 21 2900 3938 2945 16
661 2671 50 900 2024 854 32
1454 819 36 3446 388 3505 0
2940 1444 37 1602 3101 199 24
26 2022 43 3693 1580 458 52
777 3589 15 3956 2898 2538 52
500 1732 14 2651 1370 3047 32
1926 519 9 762 1111 2244 16
236 1400 12 113 498 1163 0
1554 3282 61 2447 2792 799 20
3880 2602 2 2413 1100 328 33
872 2612 53 564 2003 1939 16
2835 3897 53 2546 1174 1539 16
2188 3691 4 651 2598 3218 0
3872 1043 43 3321 2866 2463 48
2248 3961 36 3617 491 25 0
3845 3382 1 399 670 1527 24
149 2886 18 1005 1993 306 33
3388 2351 52 273 2507 1774 0
1655 4064 22 3344 3975 899 32
3339 51 21 62 2922 2111 24
599 3425 12 2574 1497 3921 0
1029 2493 21 27 3098 2883 16
3625 1098 23 1649 1185 126 56
2258 2976 34 775 3005 2521 32
3629 1199 21 3807 3917 1732 16
763 1653 29 2886 745 650 20
101 343 28 3400 1919 92 0
4007 1851 58 2991 1386 3436 32
3367 2612 52 2516 380 1569 0
1478 569 41 3008 2837 1896 16
3797 569 5 68 735 2396 24
1051 2270 48 1015 834 395 0
1360 3196 13 3997 3273 4095 16
138 467 32 311 1159 2765 0
3909 2070 9 218 1331 3735 16
339 983 14 3404 3339 493 34
3341 2066 44 3674 3078 2744 0
356 2869 35 320 3275 1303 48
4080 3184 39 982 2549 2048 56
2132 1289 4 3378 3369 854 0
987 2871 46 842 452 2318 33
2265 2626 11 2734 104 2876 48
1347 1895 10 2604 1998 553 32
2550 841 42 2496 3633 603 34
3955 275 62 1484 648 785 32
455 317 22 147 977 3510 32
528 3560 35 3297 4034 2099 52
3077 3806 56 3443 3408 312 0
611 3884 42 2135 2782 3754 32
221 2419 14 3461 2233 1662 32
308 3080 4 3150 2201 3428 0
2656 2422 54 3640 1549 531 33
3656 3050 1 3453 1565 2485 16
3178 2336 52 2153 1268 2038 0
2929 7 30 3772 2964 540 34
3320 1914 21 1185 1021 4085 16
1331 4014 24 1787 1107 2161 0
3094 3953 1 162 3742 1654 24
1253 680 22 1565 2805 458 34
1045 3116 29 3679 4045 3406 16
2188 332 24 1105 2278 96 0
525 3179 21 94 2808 862 16
649 2017 28 3617 2689 182 0
2555 2176 55 2998 3912 3803 48
553 3966 17 824 3485 2547 16
2622 2447 20 2867 2231 59 0
1232 2303 31 3000 3263 493 54
3178 3781 47 2191 2073 133 57
1434 3680 51 2639 3085 3301 48
2012 773 0 1525 3558 2602 0
397 3696 8 3356 1366 2360 0
3164 1062 15 1955 1570 3155 48
3071 911 51 222 3427 2213 58
2170 701 56 313 2807 3547 0
2540 1448 55 3640 2851 2641 48
4093 2655 41 2117 3786 1373 24
3480 939 25 2236 238 1401 16
3803 1958 38 2734 3457 2580 32
829 3285 1 1161 374 1313 16
1600 1975 1 4091 1886 795 20
285 1960 30 3964 1599 3857 32
1910 2391 53 1478 279 2687 16
973 112 59 84 3698 1431 50
2322 2770 25 2127 75 2052 16
1051 1537 58 163 24 43 33
1731 1888 4 3832 3005 2214 0
4081 2475 45 1694 147 2363 24
2052 2108 62 1950 552 2505 32
3944 536 43 265 1537 3219 56
2364 3574 52 2663 1322 1553 0
229 1218 15 1881 2644 3953 48
3133 1790 8 1816 2034 821 0
431 1001 53 334 2330 2390 16
3146 3832 56 1949 405 2170 0
3577 3067 3 3735 2263 2494 48
1251 2241 18 1254 1670 1623 32
431 497 60 114 3638 3608 0
2657 1319 18 511 3116 3950 32
2488 3163 17 3137 3112 909 16
3409 3957 49 2721 2245 1213 16
2134 1321 44 1144 3434 3144 0
3688 313 53 1888 2219 1238 24
2104 868 19 851 1226 3006 48
3721 1642 61 1383 2603 1633 24
1007 1651 37 3424 1653 411 20
1749 609 50 2656 1387 1918 32
1748 1760 55 1347 2143 4017 48
1158 2727 36 2118 3366 3875 0
3056 3022 46 687 1976 1807 32
3329 194 38 1993 1170 2640 32
2867 1857 10 129 2314 1862 32
157 201 15 2111 2808 2293 50
293 1191 12 403 3481 2498 0
997 1825 11 3321 2224 3776 48
1920 1223 3 768 1286 2780 48
1881 1662 23 2863 2895 1773 48
1968 2697 31 2960 1850 3357 48
629 2186 59 2816 1685 2751 48
1901 3637 37 1779 595 2331 16
786 671 36 190 1180 2246 0
567 1180 4 716 2386 1107 0
2091 2462 11 720 1982 2226 48
2143 3821 55 2549 3152 3899 48
2906 2242 37 3616 1315 1523 16
2652 3869 17 2661 2951 2407 16
2595 328 36 2596 656 3967 0
3966 1303 4 1924 2693 1501 0
970 699 58 973 3437 4078 32
53 2861 63 1128 2546 2238 48
3808 1340 48 2948 2363 1538 0
3111 3490 26 1848 3379 2320 32
740 2778 4 509 3688 3590 0
588 3037 30 3493 838 2392 32
3749 3712 51 329 2993 163 57
2988 2306 63 2026 1142 3255 48
1001 146 7 410 1801 3593 48
3037 881 41 2744 1231 151 24
51 3671 5 2497 2393 1421 20
3266 1041 42 3541 166 544 33
2838 1890 19 3691 4058 3800 48
187 3269 8 370 1901 1248 0
171 2326 13 3648 662 93 20
2483 179 28 3523 47 459 0
1990 3439 11 1537 2596 4073 48
1456 845 35 3040 3064 2076 50
503 194 1 2101 1540 3425 16
253 1705 54 3243 1797 2888 32
3838 715 15 899 1730 398 58
1059 1221 43 3231 2194 579 54
95 1912 41 3201 1757 544 20
1259 245 35 212 2825 2961 48
168 906 3 20 2464 3116 48
3491 3125 51 3665 643 1919 49
117 1701 42 47 1053 3020 32
3842 927 47 3705 42 1983 48
2603 3975 10 1377 3311 1862 32
3228 1438 59 3037 1966 481 50
981 3110 28 2487 3337 1377 0
1085 377 50 900 2379 3425 32
752 3453 54 2771 163 2921 33
2516 1905 62 685 1399 1726 32
2189 1045 35 1622 3781 1895 50
2591 782 52 3021 2450 2887 0
3559 511 19 3995 3272 891 50
3123 4036 2 857 1112 1189 33
3500 3819 30 3481 935 3567 32
442 90 53 209 1976 3039 16
1834 1371 48 1163 1778 655 0
3402 391 9 1755 2466 4030 16
3966 2299 23 1360 2624 3084 48
2955 1533 7 3868 415 2486 48
2872 951 40 2092 3908 3757 0
3346 252 61 1979 2665 14 24
95 1782 10 4009 1417 453 32
803 2238 9 2953 90 4060 16
1067 113 62 3793 3889 642 34
3020 1389 53 1769 3941 1661 16
2207 3398 39 805 1141 3115 48
3672 3619 63 705 113 1529 57
523 2410 15 3110 3338 559 54
1788 3514 59 1048 1699 388 57
3313 829 60 1587 3928 2798 0
3972 934 7 3850 666 1146 48
3977 1027 54 980 1367 1178 32
3574 659 59 2048 3275 2610 50
598 4082 33 1202 315 1338 16
3345 3125 27 4023 1983 1999 48
3438 2543 4 2080 3570 1064 0
1283 2229 17 729 3104 1152 16
2662 3976 12 3367 2537 3731 0
1465 1082 24 3076 751 2978 0
1547 3765 7 2545 2340 1117 49
2581 1029 37 1805 844 1791 16
494 181 46 68 10 3583 32
2850 0 59 613 3351 1031 58
343 1465 46 1048 2290 3710 32
2057 1437 29 3395 1779 1584 16
1937 1484 50 2493 4025 2353 34
1184 449 36 1290 3839 2154 0
483 392 22 1224 2020 1135 34
172 640 0 2454 3556 2238 0
1202 512 9 1660 3775 2214 16
3601 2271 4 355 2436 1302 0
2500 1870 24 1911 3881 3006 0
954 222 4 4080 2655 1164 0
1296 841 61 1846 1910 1950 16
818 2272 38 3205 236 921 33
170 3748 60 766 2104 2433 0
3674 2650 49 2490 2421 1338 16
3544 3853 36 611 3026 475 0
2730 1323 17 1549 4004 1992 16
790 895 2 858 938 1114 32
3731 3609 28 3213 2112 276 0
2240 668 57 3235 3638 3549 16
3343 618 44 2988 3402 493 0
2146 2764 32 116 1401 2851 0
703 2335 50 1018 2835 735 32
2983 482 46 3250 1381 2503 32
1081 2990 41 400 1525 3075 16
1633 2958 39 3516 752 1361 53
3907 1802 24 1608 1846 1087 0
1300 228 56 3280 31 432 0
1722 2006 50 3733 1571 3323 32
1109 2874 62 783 3835 4066 32
369 1961 26 891 992 2645 32
2642 6 11 1145 2268 3032 48
3831 467 6 2888 1447 3127 32
1788 726 39 875 3175 231 58
807 3205 10 3202 3827 3102 32
577 217 30 1583 2447 2616 32
3805 2408 49 1523 1378 1716 24
3197 1763 52 3375 1822 1527 0
1942 394 23 227 1330 1706 56
2524 3362 12 553 466 1935 0
2827 3712 34 341 3333 4060 32
1455 2680 4 1498 362 1942 0
963 1630 52 3158 3680 587 0
1244 2356 47 3446 991 3190 48
2395 3266 62 1506 1398 4087 32
1336 3950 17 751 880 588 16
1855 1355 54 2817 3030 3294 32
2129 2401 54 3781 881 1396 33
2521 238 9 680 3371 195 24
4066 1525 34 1851 1352 270 32
1743 1550 31 1426 3739 3905 48
4022 3728 62 3778 2498 3890 32
568 4050 46 3615 3286 1140 32
4055 1226 26 494 1462 1826 32
340 655 18 3261 2445 3744 32
3086 1915 34 138 3636 780 34
1393 1554 23 973 3750 855 50
2055 3112 44 951 3251 3403 0
714 3045 11 1443 2194 423 53
2035 1149 42 24 2352 1794 32
2036 2167 61 3910 3144 3187 16
3847 2047 42 3300 2785 2402 32
3154 3874 45 3339 901 3140 16
3634 2273 25 2126 1406 868 24
3736 2830 33 869 2367 1624 24
438 287 20 1960 2393 2939 0
2489 645 22 3383 146 1529 32
1672 2197 62 3129 1946 2488 32
641 443 1 1648 85 3256 16
759 3694 56 2602 1703 1539 0
221 1849 23 3364 1525 1044 52
2463 3682 19 1953 1526 2024 49
1379 442 35 1870 692 481 52
895 398 21 3813 3369 2022 20
295 569 40 2840 2335 1310 0
3932 1113 19 282 1252 3172 56
2198 360 33 1643 2907 29 24
4002 961 58 3524 645 211 33
1382 1527 57 2917 1078 2481 16
569 1058 35 125 1103 1085 48
2270 1026 55 1677 646 3089 48
1152 3018 16 4084 1032 238 0
3090 3970 5 3786 1315 2567 16
1867 1403 62 2721 1202 2376 32
3325 2908 29 1953 3885 1881 16
600 472 28 790 1505 1866 0
3787 3075 25 2846 70 3689 16
67 2705 25 1572 1831 98 20
4050 3207 6 886 1696 3548 32
3320 3574 7 3359 344 2074 49
399 1690 56 1818 863 3220 0
1704 1041 19 3193 2901 1760 50
2916 1222 37 684 1860 2563 16
767 2972 41 2625 1849 584 20
3662 2401 40 1921 109 2536 0
1434 1760 13 2275 2594 1659 16
1236 773 31 1045 491 103 57
13 721 33 1920 1794 3526 16
1573 3028 40 761 1246 3098 0
3871 2723 20 2777 1932 3008 0
2040 3257 47 535 3891 2209 48
2913 642 15 2773 297 3501 48
3207 2612 25 1009 3750 1843 24
2483 990 57 2885 1905 1022 16
2259 383 33 1028 1026 2722 16
1876 2372 58 3744 3481 2753 32
2813 837 18 1436 1822 3914 32
3033 1041 4 3901 521 1932 0
3890 659 37 1924 488 145 24
1292 498 53 3209 2818 1139 20
428 1394 9 3040 403 1671 20
1736 2711 42 1645 1204 3109 32
1977 3879 11 3953 3280 2837 48
426 3062 32 3855 250 2331 0
1480 850 5 3642 1987 2735 16
3374 999 44 1267 2681 3037 0
2743 3464 21 673 255 1713 24
2871 3650 18 949 2273 2537 32
1496 173 32 1148 211 3615 0
2624 2282 4 2492 2175 2701 0
2478 417 8 2956 1713 2562 0
2762 2700 47 1752 3000 2119 48
1980 2316 7 2148 342 903 49
1241 4000 16 521 2953 2496 0
159 3423 29 1429 584 3306 16
1650 1070 11 3875 1192 918 52
58 2413 0 695 1891 1136 0
67 2730 28 1422 1953 579 0
3480 1010 3 366 1844 1711 56
1056 287 48 3823 2323 2861 0
1126 1397 25 2144 592 2478 16
2755 1840 36 3469 616 2505 0
3690 198 2 2100 732 2613 32
253 3055 37 3017 855 3505 16
2456 1134 50 3166 197 3799 32
3929 3229 47 115 572 92 57
3930 1667 45 2898 3932 3082 16
2379 1767 17 2198 459 1630 16
1253 1972 38 1023 895 1340 32
3212 3321 8 2980 3516 867 0
1988 2378 36 3149 1203 2654 0
1403 1740 2 656 4090 1911 34
509 3129 30 3124 2596 11 33
548 3185 31 2838 3559 2537 48
2348 3041 0 510 1742 3166 0
667 2819 29 3092 2467 629 20
749 81 4 3004 3765 3229 0
2294 651 5 779 1783 412 24
1939 3065 43 3501 910 3745 48
2435 1659 62 1132 2158 2148 32
4018 813 8 830 288 2863 0
579 2724 47 1040 2284 568 48
1580 1040 58 3849 2336 256 34
3722 1244 35 104 920 3925 48
1446 1324 45 1219 1864 1108 16
1713 3898 35 3645 1151 870 53
2276 1934 56 2002 2919 1861 0
839 722 24 416 2647 2820 0
1190 51 61 2397 421 440 20
2910 1353 39 1065 2027 3027 48
2831 843 19 1523 148 1237 56
1538 698 62 3528 481 1935 32
2490 6 36 2679 556 2822 0
1459 1210 32 2950 3188 454 0
1300 1650 20 1598 2156 82 0
568 2021 36 2720 3068 2628 0
876 3735 40 2169 3065 599 0
2465 623 19 2888 3337 2639 50
3787 2676 5 1812 28 104 24
2146 975 43 4035 986 3900 48
2254 641 56 69 3280 3612 0
1511 737 32 3171 3560 2567 0
526 2752 50 375 2755 3087 32
483 2131 43 890 3454 569 50
3603 2052 49 482 444 2508 24
1737 46 7 240 2057 515 58
1140 1624 20 2221 331 149 0
203 1530 42 1454 156 3195 32
2927 3288 11 2236 3280 1687 48
374 1853 28 1517 1851 2045 0
1657 1398 47 674 402 3234 48
2872 1280 48 1498 2825 204 0
1570 1964 20 2691 2479 780 0
1795 1956 29 1290 3191 2947 16
3957 3204 19 4002 2960 615 48
3774 902 61 1908 3689 1351 24
3108 391 4 1633 1912 3418 0
3544 684 4 3150 2195 2881 0
2335 1351 25 2053 56 1256 16
421 3945 53 1072 1108 3220 16
4056 1369 33 1528 3374 1291 24
3978 2350 25 1457 192 712 24
1079 771 41 2659 230 1288 20
2177 3089 5 2254 2975 1151 16
397 1347 42 3482 1407 3117 32
1560 3944 39 878 1153 779 49
2273 3496 8 562 3371 474 0
3595 1988 62 3522 141 2530 32
2746 1007 53 2904 3711 2007 16
1755 861 51 7 2766 3017 48
3583 3929 55 886 3275 3460 48
2200 1685 7 4017 1776 3677 48
1539 1318 5 2484 1731 346 20
4049 1266 0 416 636 645 0
2190 3754 25 803 3523 2134 16
3110 947 52 2163 3957 3868 0
1790 1169 36 142 3241 1560 0
1189 3229 55 3528 3038 2823 48
2862 2386 10 3452 1517 741 33
2442 3106 3 2914 1827 2074 48
3574 3005 49 131 2845 25 24
2115 1822 14 1454 3839 4007 32
2481 394 41 2396 3479 708 16
3537 939 19 3912 1126 1165 48
2699 1014 52 3443 2489 91 0
1168 353 16 1041 717 2223 0
2187 240 41 730 3116 2039 16
2855 3641 56 2320 620 2550 0
86 4068 9 2841 711 3417 16
2428 63 11 1335 3488 943 58
3350 2926 9 65 1432 216 24
815 3446 30 1630 3314 1975 32
2195 2465 14 1274 1569 2215 32
1915 2277 7 1574 1517 1967 48
1444 3963 9 2503 1355 7 20
2266 3388 60 239 2226 2253 0
273 335 11 921 264 916 48
2563 897 2 2905 3568 3493 32
753 3865 56 721 3564 1386 0
3262 1778 22 2877 771 2955 32
1514 3141 12 1924 829 3235 0
3196 1638 18 3420 2637 975 34
3702 2646 22 3602 1734 1671 32
3477 654 35 3350 3197 362 50
441 169 7 3462 2623 284 54
1912 2070 40 1582 2276 3290 0
633 680 61 3257 2251 2944 16
3138 62 24 885 2433 2556 0
606 3692 36 3437 1959 2564 0
2456 688 8 2576 2657 2186 0
3926 627 58 368 48 2485 32
2298 698 41 1763 523 2475 16
3690 2611 4 2868 409 3987 0
3934 1692 42 2165 1635 1042 32
205 1655 9 2550 3372 1601 20
3943 866 10 170 1687 3393 32
1312 321 24 3955 3028 563 0
3050 2765 61 2002 3891 970 24
3831 2186 60 3388 1626 3984 0
3620 1688 7 610 3028 1053 58
998 2422 50 2973 818 2790 32
2769 2565 33 3608 3827 342 20
3049 1041 18 970 2832 3446 32
3066 3015 52 2461 2646 2791 0
2609 2694 14 795 1068 3213 32
854 897 46 4061 1366 3624 32
968 3888 58 2839 473 3007 33
2582 2602 41 4036 786 1811 16
379 3396 3 3554 19 3996 48
2808 3293 50 957 1612 2866 32
89 2105 17 2827 3717 2691 20
3458 3636 10 1015 3204 408 33
3940 3516 0 2058 2671 1812 0
1169 1403 16 3119 3220 3746 0
3435 2798 19 124 412 1051 57
1533 1387 56 1862 2185 219 0
2936 654 1 3432 1781 1793 16
623 167 33 475 2387 2037 16
1354 1361 9 2965 1533 372 20
2975 2602 42 947 683 3552 32
3892 11 27 2281 127 1414 56
507 3799 54 2798 2064 2185 32
3977 1232 2 2621 667 2991 32
3473 962 19 328 2209 3003 56
921 2509 29 3250 1415 1747 20
250 1103 63 3207 1335 1557 52
98 3441 59 1190 3291 817 52
2578 111 23 1371 2922 3370 48
267 1918 1 1386 3585 141 20
1782 1454 53 466 1036 2019 16
50 3325 25 2858 326 252 20
479 1916 37 1511 1729 1703 16
2742 1923 45 3716 2757 437 20
1123 3283 32 2191 3268 1168 0
3899 472 19 2251 1934 2741 48
4091 3939 43 2489 3512 1323 56
1624 1345 52 3424 1609 2191 0
3719 2123 36 2724 303 1772 0
177 77 37 1122 1906 3910 16
2948 3477 13 1205 2923 2911 16
2206 762 8 19 332 2292 0
3483 897 40 1416 3423 168 0
2504 2714 46 2105 1482 288 33
228 664 32 2577 908 2062 0
2961 461 29 2053 3198 348 24
2353 3274 23 510 1367 2059 48
3571 2564 5 3071 4044 1594 16
1634 3869 51 417 3401 1660 48
3658 422 49 345 1072 1957 24
1901 1991 35 3126 3698 1463 50
3312 630 33 1047 1756 1592 24
525 2897 34 3411 1596 3061 32
529 2895 32 1480 2506 2418 0
2082 3918 5 27 3052 3523 16
4064 2767 31 2450 3321 1110 56
329 2291 62 1078 38 265 33
1524 3285 57 24 2445 3568 16
1974 4091 51 1500 647 4090 48
2800 1941 51 2850 3494 1880 48
3890 3425 59 1869 692 785 57
1527 3400 27 475 1719 1953 48
944 1349 39 3553 1789 2940 48
62 2010 21 578 3967 162 20
3859 3397 53 1592 1322 1226 24
91 912 11 514 209 3492 48
1585 601 29 3596 1546 2422 16
3778 2742 51 4090 2076 1579 48
2617 1066 25 3829 3748 2832 16
358 909 46 493 321 921 32
894 2601 4 1774 3886 2488 0
1409 2554 5 2771 1889 1181 20
1057 971 30 915 984 1154 32
4016 2997 24 337 1887 2024 0
2390 2223 34 1803 618 3543 32
593 3696 51 1452 2827 3640 48
2137 3228 0 2804 3457 2931 0
763 994 32 2086 1060 3364 0
3622 3833 51 2067 111 1152 57
2630 3767 34 446 1685 2308 32
885 1585 12 2571 2034 4036 0
971 1112 48 47 3939 3478 0
2038 2290 24 3913 1861 1926 0
619 1607 2 2936 2513 1146 32
1622 3145 19 2824 1858 169 53
4017 2659 1 2821 1256 694 24
2743 3665 55 1187 2824 798 57
3427 784 20 700 2752 988 0
2653 726 52 3868 2026 3307 0
2536 3650 38 3728 38 152 33
3618 2069 62 3786 2564 3467 32
321 658 43 872 650 399 52
1804 2916 31 3716 637 2681 48
578 915 55 522 3455 3225 48
2055 979 38 2547 1157 1921 32
1780 5 58 1530 4008 102 34
1695 2238 60 175 3099 3880 0
2284 2318 53 3395 920 1631 16
348 1266 40 1783 1373 2374 0
318 3574 63 2617 1651 306 53
502 3573 17 1590 1537 143 20
3251 1225 29 1445 3628 2094 16
429 1085 38 2355 3994 563 34
2476 446 35 2982 3204 3594 48
1875 1441 29 1624 2395 509 16
1864 3279 56 3468 540 1437 0
2518 2418 11 1189 3011 3042 48
1315 2609 31 1904 179 2936 48
2510 2174 36 2654 1841 1564 0
1463 2505 16 3272 1102 3115 0
3312 613 49 2303 1936 1338 16
2910 1730 3 1776 3460 3891 48
3929 1537 36 2358 2558 3099 0
2486 2861 0 3958 2209 1567 0
103 799 39 1240 2512 2390 48
2633 4035 37 987 3619 1197 24
1414 1869 9 2857 2864 3413 16
1403 2399 26 3430 2519 2638 32
3901 3000 49 3557 2355 2487 16
913 729 33 162 3018 2099 16
298 124 42 227 957 1961 32
3803 2115 59 2773 2583 3685 48
2528 3734 49 1721 1610 1223 16
2948 1255 3 3800 2974 572 54
1221 647 34 2236 1912 2057 32
3111 981 31 3280 144 886 48
3149 2330 23 1991 619 1973 48
2357 1176 53 3773 3531 2492 16
1622 980 19 69 2811 1699 50
375 688 36 4082 86 2064 0
965 4035 1 2910 2656 3959 16
606 2468 4 1222 3142 1904 0
24 2669 33 580 1988 239 20
1573 2355 49 1351 2 2587 16
1637 1582 7 2682 2772 814 54
4071 1580 31 145 3523 2982 56
2666 222 50 2328 2895 630 34
3465 1488 44 444 482 3523 0
3882 3364 60 1711 2546 3049 0
4048 2177 31 3563 397 2114 48
1171 307 8 508 3414 1205 0
1977 358 52 2088 3016 1860 0
750 3527 54 1557 1732 3298 32
450 1994 31 181 2888 1783 48
285 2827 2 525 1840 2241 32
3963 1494 48 997 2923 1980 0
3731 1037 18 2840 1543 3347 32
3493 210 57 2609 584 3430 16
2798 1023 27 1421 2064 2973 48
3361 3316 12 3628 3369 3451 0
669 748 63 2443 2560 1668 54
1845 2314 29 669 3758 3194 16
2421 2804 9 3897 755 1340 20
3735 2086 57 744 2167 793 24
3667 1778 48 41 848 1602 0
2721 938 43 1885 3723 3151 48
2050 3856 43 2198 882 4051 48
587 284 49 3129 769 1586 20
1487 2074 56 1914 854 1691 0
3968 1917 46 3562 1398 3966 32
1547 2056 59 2651 1854 19 53
2972 3328 59 2833 809 3909 48
2664 1729 40 917 300 1993 0
863 3406 36 3615 1515 3862 0
649 4047 26 3269 1578 225 33
1473 374 53 1490 303 3275 16
461 3190 25 1898 1718 3082 16
4012 2975 61 2596 1430 3243 16
3090 2842 37 1261 1148 1075 24
3487 951 43 2295 2783 1661 50
2308 515 18 3779 3218 414 34
3281 1915 51 16 2776 3376 48
1504 1547 55 813 221 272 57
2337 4089 8 2924 172 227 0
1750 3162 39 1685 3978 2191 48
3332 1450 53 147 2961 2165 24
975 3661 20 2427 3105 2031 0
1874 3431 51 906 1685 3951 48
3136 823 56 3512 3684 2468 0
1097 1126 34 3679 3721 1372 34
1703 3450 45 1576 1756 333 16
657 3519 18 1176 2720 2298 32
1337 2681 29 2587 900 792 20
1772 787 48 2647 2887 2516 0
1739 3190 31 249 1710 1912 48
1736 2008 35 1212 830 233 57
185 2614 59 893 3543 1239 48
1276 3640 2 1543 2821 3111 32
2210 1914 23 2519 2111 3603 48
1831 2961 2 380 3495 2757 32
2039 696 32 2758 2740 2216 0
3207 357 3 2741 1202 3916 48
3357 2859 50 1731 1335 2642 32
3575 1072 47 2741 1131 254 56
3050 776 13 3065 3725 2880 16
2269 2986 59 2821 1956 1253 48
3851 1842 10 3653 2620 179 34
3370 3000 24 3094 1523 1089 0
2160 682 39 3343 2159 2937 48
3956 1797 45 1976 971 1787 24
914 465 42 1518 650 3323 32
1582 3805 55 1796 4051 1129 48
4013 3915 18 2115 2489 3019 32
39 1491 19 1279 1599 2086 48
2791 190 2 2783 3606 2006 34
3256 1277 0 332 2742 3288 0
2644 1618 53 1347 1306 234 24
4042 1965 44 2162 660 596 0
2937 422 29 2948 2441 3841 16
3582 1279 36 2703 1823 3779 0
84 2676 29 2322 8 3911 16
2196 1608 33 2619 2497 433 16
830 3448 13 1833 2086 2735 16
933 2890 2 2086 1067 3586 32
2404 473 16 1620 2177 2782 0
73 1958 41 2080 593 2636 16
459 994 30 3040 3546 3725 32
2072 2184 0 117 2163 1176 0
1762 2875 31 3345 3373 705 52
3692 1522 32 1458 2657 1657 0
769 630 5 372 2862 3023 16
3255 1749 30 503 781 2643 32
3618 1557 43 2616 1619 1442 48
2509 1111 56 3017 3469 757 0
2313 1952 33 1533 1377 2718 16
703 1743 53 2626 1550 2359 16
2344 1511 53 3758 1199 2492 16
1426 1203 20 1762 3067 3152 0
1600 3369 37 104 108 3398 16
3179 3556 48 401 371 2176 0
3689 614 47 115 594 904 56
176 1153 2 478 3181 4093 32
342 205 30 116 1387 3055 32
2710 638 26 146 1630 2202 32
194 3632 59 3642 1266 559 53
126 2407 25 1876 3617 4023 16
2016 1211 54 1923 2464 2743 32
2642 1252 18 1938 2280 3238 32
3928 2709 52 203 3942 1258 0
1117 1991 54 2680 4039 2150 32
382 775 44 874 131 1204 0
1511 3896 49 3222 3855 3148 16
3481 1911 14 488 4081 3514 32
2232 2096 24 349 64 3515 0
259 812 16 1544 3926 335 0
289 247 35 3670 2040 524 54
2643 3527 20 945 3984 2588 0
1698 2161 17 2456 3 2816 16
2029 486 25 1800 4083 3803 16
1936 628 40 1430 2384 3542 0
303 818 52 8 2116 1415 0
997 2259 37 1118 1087 392 16
2361 610 14 2563 3220 2217 34
204 2615 59 658 2299 1095 48
1415 2120 3 612 2918 3641 48
3322 721 20 1440 198 2247 0
2174 1566 35 2186 1754 1241 48
3176 274 32 3459 3219 1206 0
3032 1596 54 3301 920 1586 32
598 3577 49 3439 462 64 20
1752 3958 40 1041 3064 813 0
2249 1818 56 1155 3337 637 0
3201 1108 58 1493 568 1558 32
3262 4061 11 1864 2954 3859 48
2109 566 19 1562 335 1581 48
1204 2671 11 4000 1724 153 53
3187 2041 43 2544 1376 3578 48
301 1671 17 1237 2275 4038 16
2821 2383 51 1771 378 2574 48
849 1982 19 1400 2937 1932 48
1248 1787 2 699 1598 166 33
2890 153 60 2363 241 2978 0
2351 2804 27 1126 1288 746 57
3739 1432 43 2736 3272 2922 48
2462 238 3 2657 470 1608 48
3216 1332 43 3662 2930 2830 48
1202 2170 59 2869 3583 3535 48
1223 773 28 1775 2410 3181 0
2812 1708 60 2642 3453 3529 0
3199 1901 57 775 915 126 24
1723 848 25 1003 2767 3991 16
1330 2383 20 402 366 3047 0
2186 2665 53 935 1937 721 24
1073 824 56 2850 2472 3103 0
3521 554 57 1968 647 3079 16
1375 3445 56 1904 1797 897 0
2220 2828 38 1728 418 463 33
1621 3472 36 3890 1801 2212 0
1904 941 32 3327 140 1861 0
371 1996 51 1109 2415 3239 48
2023 2527 31 584 1089 1976 48
1660 1710 17 726 3149 104 24
3664 3905 55 473 265 1649 57
634 287 35 2682 855 2757 48
422 4020 51 764 1281 1921 49
2882 601 31 3649 3449 3240 48
485 3598 43 94 3188 3001 48
2212 4086 39 1204 3027 235 57
1208 1272 61 1551 1039 3965 16
3798 2593 9 1325 3585 3241 16
3698 2882 47 784 2200 4 57
3370 2028 24 3967 2848 2879 0
259 829 46 2047 453 1757 32
3312 336 32 1919 2851 407 0
1344 434 7 3412 3071 1790 54
2033 3384 18 3888 2392 3509 32
773 3642 63 2100 2445 663 53
1371 934 41 2593 4050 955 20
3029 3216 6 2546 2565 981 32
2795 535 30 834 3237 2226 34
1807 2580 38 4005 831 331 33
2696 4008 31 1326 3865 1289 56
3818 805 7 1951 1395 3409 48
2437 955 0 1503 1938 2480 0
1350 3359 10 2071 3829 1104 32
4055 3811 40 3209 3678 2829 0
142 1710 15 3411 4058 178 54
733 2056 58 2849 628 500 33
289 3578 54 2378 4017 736 32
3919 875 41 1878 2434 232 24
3815 659 4 3912 2397 2421 0
3506 779 2 2914 3562 93 34
1917 1609 10 943 2645 883 34
153 1703 30 4047 2693 901 34
3194 981 3 1774 658 3892 48
1861 527 46 2218 1888 653 34
1408 1437 25 2703 3522 2663 16
1532 19 61 356 3374 348 24
1112 3215 9 2242 3383 3535 16
689 2292 12 1143 3322 585 0
1657 3337 55 515 1901 2740 48
3725 2606 3 829 2842 1892 56
306 552 52 1224 2663 2364 0
2329 2103 38 2628 640 3952 32
918 1897 33 679 3594 2563 16
3304 328 15 787 3668 964 58
3644 2533 50 3903 1415 237 33
2882 3220 32 896 3645 829 0
1234 2105 28 1229 2892 2787 0
615 3039 3 273 643 3808 48
1400 2871 0 640 3817 1574 0
2507 3476 11 1283 2004 2748 48
4012 907 59 697 4018 3563 48
371 641 8 436 435 2591 0
1693 279 62 3867 701 1201 32
3693 1502 36 32 4060 1388 0
2823 3299 7 450 3082 2332 56
3741 1641 0 3035 2610 2617 0
1653 328 59 3237 2072 648 54
507 1296 32 418 3945 2847 0
3860 446 3 1432 20 2885 48
3932 1938 31 1424 2564 1190 56
3863 1455 43 909 315 1450 56
597 2731 30 3914 286 3704 32
3033 2289 61 119 2393 1400 24
807 216 13 2185 1608 967 20
3067 1646 38 1196 450 3780 32
2327 2642 34 2726 2249 3092 32
3541 4024 49 3386 3597 1694 16
1656 3273 14 588 3164 689 32
2007 3735 51 1280 1902 1986 48
1462 2726 58 118 2895 1352 32
774 79 12 477 2913 2472 0
3987 2652 0 1089 1534 2006 0
1587 1245 3 2670 380 3440 48
2647 2418 20 3904 1458 801 0
1468 1558 42 3327 2683 2471 32
3075 2161 56 2069 1215 3769 0
2509 1990 43 2466 3377 2984 48
